Prim dist
100000 100000 100000 530 100000 100000 900 0 680 1380 
100000 650 820 530 570 100000 900 0 680 1380 
100000 650 820 530 570 840 900 0 680 1380 
750 650 800 530 570 840 900 0 680 1380 
750 650 800 530 570 840 900 0 680 1380 
750 650 680 530 570 840 900 0 680 1380 
750 650 680 530 570 840 900 0 680 1380 
750 650 680 530 570 840 340 0 680 1380 
750 650 680 530 570 840 340 0 680 1380 
750 650 680 530 570 840 340 0 680 1380 
Dijkstra dist
100000 100000 100000 530 100000 100000 900 0 680 1380 
100000 1180 1350 530 1100 100000 900 0 680 1380 
100000 1180 1350 530 1100 100000 900 0 680 1380 
100000 1180 1350 530 1100 1240 900 0 680 1380 
100000 1180 1350 530 1100 1240 900 0 680 1380 
1930 1180 1350 530 1100 1240 900 0 680 1380 
1930 1180 1350 530 1100 1240 900 0 680 1380 
1930 1180 1350 530 1100 1240 900 0 680 1380 
1930 1180 1350 530 1100 1240 900 0 680 1380 
1930 1180 1350 530 1100 1240 900 0 680 1380 
